0.9999998913588429d0 
0.9999998553413368d0 
0.9999997337585667d0 
0.9999992191118976d0 
1.1035531135270575d0 
0.9999997710506835d0 
0.9999995304158036d0 
1.1495187643871572d0 
0.9999994553514644d0 
0.9999998706990014d0 
0.9999997655338344d0 
1.011129837188108d0 
0.9999992755841595d0 
0.9999998819259186d0 
0.9999991634840537d0 
1.0517761775047814d0 
1.0243717701272033d0 
0.9999997833851749d0 
0.9999995483852072d0 
0.999999899096389d0 
0.9999998708375104d0 
0.9999997643356907d0 
0.9999995308697736d0 
0.9999994795327253d0 
1.0225567326680878d0 
1.0003107499929418d0 
1.0624997634289142d0 
0.9999997898703491d0 
0.9999997797629072d0 
0.9999994757046959d0 
0.9999997409753595d0 
0.999999941233148d0 
0.9999998082749112d0 
0.999999716073606d0 
0.9999999045965253d0 
0.9999997548701627d0 
0.9999996713797098d0 
0.99999957676204d0 
0.9999998431227836d0 
0.9999993946532316d0 
0.9999991292888676d0 
0.9999995000876267d0 
0.9999992683098755d0 
0.9999997323228242d0 
0.9999998499020736d0 
0.999999906222864d0 
0.9999999068632434d0 
0.9999998519129177d0 
0.9999996811479825d0 
0.9999998027120719d0 
0.9999998542126344d0 
0.9999993866333557d0 
0.9999998978014843d0 
0.9999997338810296d0 
0.9999997369599853d0 
0.9999997629586935d0 
0.9999994317356802d0 
0.9999992663172884d0 
1.0162273809959008d0 
0.9999991130818352d0 
0.9999997918794051d0 
0.9999998333118008d0 
0.999999952751741d0 
0.9999999506174169d0 
0.9999996287720408d0 
0.9999999096306487d0 
0.9999994604005598d0 
0.9999997168213914d0 
0.9999996196441558d0 
0.99999982853838d0 
0.9999998208050205d0 
0.9999994985166805d0 
0.999999765467368d0 
0.9999997608768185d0 
0.9999997672296806d0 
0.9999995097343748d0 
0.9999996900029864d0 
0.9999997117363543d0 
0.9999997679921497d0 
0.9999999380057127d0 
0.9999995226051644d0 
0.999999430258425d0 
0.9999994599907072d0 
0.999999820365336d0 
0.999999699426005d0 
1.0135226137058926d0 
0.9999999002189991d0 
0.9999998687099025d0 
0.9999997334804228d0 
0.9999998832169021d0 
0.9999998320420459d0 
0.9999998641797403d0 
0.9999992202773965d0 
0.9999998471298257d0 
0.9999996833924133d0 
0.9999998822434286d0 
0.9999998678613115d0 
0.9999991964350415d0 
0.9999993042007336d0 
0.999999630306895d0 
0.9999999302687682d0 
0.9999997634806479d0 
0.9999996785153755d0 
0.9999990825546186d0 
0.9999997642933531d0 
0.9999998788934716d0 
0.9999997048340972d0 
0.9999995596608369d0 
0.9999996865416165d0 
0.9999996197639238d0 
0.9999998589577713d0 
0.9999993847311375d0 
0.9999997628624255d0 
1.0083674660124347d0 
0.9999992870614516d0 
0.9999995598780504d0 
0.999999668110745d0 
0.9999998286416285d0 
1.0023443977911262d0 
0.9999999173879863d0 
0.9999995382537068d0 
1.0047665933504482d0 
0.9999997452176507d0 
0.9999998518323964d0 
0.9999998459788324d0 
0.9999996558643559d0 
0.9999998224519981d0 
0.9999992311792004d0 
1.0109518120856826d0 
0.9999997830080005d0 
0.9999995957214924d0 
0.9999996749151746d0 
0.999999815337417d0 
0.9999994999298752d0 
0.999999859793615d0 
0.9999996405722849d0 
0.9999996723879326d0 
0.9999994591741299d0 
0.9999999031052643d0 
0.9999995479921546d0 
0.9999991813539424d0 
0.9999996319555964d0 
0.9999998705343756d0 
0.9999998862796418d0 
1.0501368554561168d0 
0.9999997023929911d0 
0.9999999213661968d0 
0.9999996215229129d0 
0.9999996032854888d0 
0.9999998216551804d0 
0.9999991067329923d0 
0.9999999063381155d0 
0.999999504401327d0 
0.9999998906037635d0 
1.009410988687433d0 
0.9999999387612731d0 
0.9999999070991319d0 
0.9999991665352428d0 
0.9999998858221375d0 
0.9999996095611436d0 
0.9999998938020008d0 
0.9999997805291263d0 
1.0756936140898137d0 
1.0019561622165851d0 
0.999999247200093d0 
0.9999998742105752d0 
0.999999822509025d0 
0.9999998848479593d0 
0.9999998791452643d0 
0.9999996450629816d0 
