-4.2377737869167005d-9 
-4.9260679127582856d-9 
-4.428312604390304d-9 
-2.3471189339943117d-9 
-5.017404302859337d-9 
-3.0080390740701406d-9 
-3.4451630873083043d-9 
-4.710431205768817d-9 
-3.699832870661233d-9 
-3.3523232822699552d-9 
-6.700107726842003d-9 
-1.4671099991712373d-9 
-2.7971375497074756d-9 
-7.232489436811731d-9 
-1.0717643351120395d-8 
-5.293159242021724d-9 
-3.160235866975173d-9 
-3.544650423400932d-9 
-1.8275402887335472d-8 
-3.3731769156715877d-9 
-1.8912081263707255d-9 
-3.666217415229982d-9 
-6.707847214776742d-9 
-5.19265646650775d-9 
-4.359538679981079d-9 
-6.885631118832647d-9 
-6.852737381192823d-9 
-8.38519886786902d-9 
-1.1040206012562385d-8 
-7.275574083513173d-9 
-2.0055112224774404d-9 
-3.58722897295781d-9 
-6.628780536160063d-9 
-9.080188137718723d-9 
-2.7125275729647953d-9 
-2.1998136610524743d-9 
-2.2731584513108223d-9 
-3.199831303157442d-9 
-1.3472854744264092d-8 
-9.143862938583803d-9 
-2.0939153955403057d-9 
-2.4538661558472665d-9 
-2.5317463506476d-9 
-7.266186136672849d-9 
-7.133989180518405d-9 
-4.365418868878506d-9 
-2.044413042289693d-9 
-4.0692143823478355d-9 
-7.901153891264723d-9 
-4.331885633196646d-9 
-4.597065962233009d-9 
-6.21105213743595d-9 
-8.636925700604753d-9 
-8.104829451864318d-9 
-2.4690431729414347d-9 
-3.006554930447571d-9 
-2.3197099617906424d-9 
-1.9093576259076212d-9 
-1.5860020033654322d-9 
-1.3623230079238202d-9 
-2.3970703010624746d-9 
-4.401616559176243d-9 
-3.36512455036063d-9 
-2.9442457857545275d-9 
-5.511063831638111d-9 
-5.296783793428341d-9 
-4.3594687455593645d-9 
-1.801876069752983d-9 
-1.785789593072827d-9 
-1.1195797581640043d-8 
-8.58243234496269d-9 
-7.106495647949826d-9 
-2.3048957370529013d-9 
-2.829636863985843d-9 
-3.220187820991735d-9 
-2.292426667844425d-9 
-3.0131538462448747d-9 
-4.313957720509751d-9 
-2.344405820449418d-9 
-1.681213454828045d-8 
-3.1110307289751463d-9 
-5.033074338749251d-9 
-4.569565215248503d-9 
-4.03308139807876d-9 
-1.9823684182835626d-9 
-2.6716225074608104d-9 
-1.5614408580294216d-8 
-5.603468767828869d-9 
-6.080509104116429d-9 
-1.005373143198658d-9 
-3.397065187925078d-9 
-2.912208317394973d-9 
-1.1628295077497226d-8 
-3.1888415707678905d-9 
-8.862197980419381d-9 
-7.227598329062203d-9 
-2.468783669624273d-9 
-1.9030350045920482d-9 
-3.6968098789460086d-9 
-1.65134002755622d-9 
-2.8080392593036837d-9 
-8.515746022028008d-9 
-3.436047988451077d-9 
-8.010496701575119d-9 
-5.073856097262964d-9 
-5.010458277482662d-9 
-2.9572595310382067d-9 
-8.158828912969402d-9 
-4.151577841579111d-9 
-5.306201631476996d-9 
-3.544962830170294d-9 
-6.661511807398581d-9 
-3.5659279201897537d-9 
-2.515566645510594d-9 
-3.6569292557018208d-9 
-7.435602536599243d-9 
-2.7492195052160702d-9 
-1.9558313370201356d-9 
-2.1971628168854797d-9 
-3.3781079752725794d-9 
-1.629440698714515d-9 
-2.0945385793177844d-9 
-1.8211699086749636d-9 
-1.3838324524013518d-8 
-2.521161688544735d-9 
-4.014123781044685d-9 
-2.7928053896233234d-9 
-3.139632822649502d-9 
-1.955382295929784d-9 
-4.859990964413516d-9 
-5.972328319235326d-9 
-6.0238896413851d-9 
-7.470199725889053d-9 
-5.150989085322659d-9 
-8.466695728917532d-9 
-1.4828783044026186d-9 
-1.5143910928462862d-9 
-7.757184871687066d-9 
-1.6461601215542829d-9 
-1.7941914535282488d-9 
-3.0431699395166516d-9 
-1.2051217596096984d-8 
-1.1599698484757747d-8 
-1.6487619012630035d-9 
-2.8809313375161624d-9 
-3.282090947288081d-9 
-4.572537282295738d-9 
-5.504646014601787d-9 
-5.599969150924293d-9 
-4.109111177270979d-9 
-3.228366857689799d-9 
-2.3192076902835908d-9 
-2.3621118913768378d-9 
-4.691015346217254d-9 
-3.220027590734297d-9 
-2.0587067680665026d-9 
-8.860641132287864d-9 
-1.8009840470642921d-9 
-4.920771108487983d-9 
-6.0165414606688106d-9 
-3.0148235687904954d-9 
-6.625830241474831d-9 
-7.436800954695958d-9 
-4.109590490941868d-9 
-4.9168906624655615d-9 
-4.885244099183216d-9 
-4.676026497687999d-9 
-4.379044197759363d-9 
-5.018490306070278d-9 
-8.949084461149651d-9 
-1.1508445749125465d-8 
